1.000000000000 -0.012520381763 0.145684807987 -0.102308541637 0.150039199811 -0.166095009852 -0.042482645727 -0.000000000000 -0.095340846581
-0.012520381763 1.000000000000 0.202653270173 -0.134031366534 -0.096626678131 0.273241203719 0.209952620104 -0.000000000000 0.302819983712
0.145684807987 0.202653270173 1.000000000000 -0.000295224865 -0.126087581171 0.288855723268 0.324241432672 0.000000000000 0.368435368777
-0.102308541637 -0.134031366534 -0.000295224865 1.000000000000 0.064687413063 -0.071179001925 -0.166746904025 -0.000000000000 -0.095540762055
0.150039199811 -0.096626678131 -0.126087581171 0.064687413063 1.000000000000 -0.084150838414 0.001279778571 -0.000000000000 -0.074473294730
-0.166095009852 0.273241203719 0.288855723268 -0.071179001925 -0.084150838414 1.000000000000 0.905728798733 0.000000000000 0.959177967104
-0.042482645727 0.209952620104 0.324241432672 -0.166746904025 0.001279778571 0.905728798733 1.000000000000 0.000000000000 0.897560628777
-0.000000000000 -0.000000000000 0.000000000000 -0.000000000000 -0.000000000000 0.000000000000 0.000000000000 nan 0.000000000000
-0.095340846581 0.302819983712 0.368435368777 -0.095540762055 -0.074473294730 0.959177967104 0.897560628777 0.000000000000 1.000000000000
